{
 "cells": [
  {
   "cell_type": "markdown",
   "metadata": {},
   "source": [
    "### This dataset contains house sale prices for King County, which includes Seattle. It includes homes sold between May 2014 and May 2015.19 house features plus the price and the id columns, along with 21613 observations."
   ]
  },
  {
   "cell_type": "markdown",
   "metadata": {},
   "source": [
    "## Import libraries and read the dataset"
   ]
  },
  {
   "cell_type": "code",
   "execution_count": 322,
   "metadata": {},
   "outputs": [],
   "source": [
    "%matplotlib inline\n",
    "\n",
    "import pandas as pd\n",
    "import numpy as np\n",
    "import matplotlib.pylab as plt\n",
    "from sklearn.model_selection  import train_test_split\n",
    "from sklearn.cluster import KMeans\n",
    "from scipy.stats import zscore\n",
    "from sklearn.preprocessing import Imputer\n",
    "from sklearn.metrics import accuracy_score\n",
    "from sklearn import metrics\n",
    "from sklearn.metrics import accuracy_score, confusion_matrix, recall_score, precision_score, f1_score, auc\n",
    "from sklearn.preprocessing import StandardScaler\n",
    "from sklearn.linear_model import LogisticRegression\n",
    "from sklearn.metrics import roc_curve\n",
    "import sklearn.metrics\n",
    "from sklearn.linear_model import LinearRegression"
   ]
  },
  {
   "cell_type": "code",
   "execution_count": 323,
   "metadata": {},
   "outputs": [
    {
     "name": "stdout",
     "output_type": "stream",
     "text": [
      "<class 'pandas.core.frame.DataFrame'>\n",
      "RangeIndex: 21613 entries, 0 to 21612\n",
      "Data columns (total 21 columns):\n",
      "id               21613 non-null int64\n",
      "date             21613 non-null datetime64[ns]\n",
      "price            21613 non-null float64\n",
      "bedrooms         21613 non-null int64\n",
      "bathrooms        21613 non-null float64\n",
      "sqft_living      21613 non-null int64\n",
      "sqft_lot         21613 non-null int64\n",
      "floors           21613 non-null float64\n",
      "waterfront       21613 non-null int64\n",
      "view             21613 non-null int64\n",
      "condition        21613 non-null int64\n",
      "grade            21613 non-null int64\n",
      "sqft_above       21613 non-null int64\n",
      "sqft_basement    21613 non-null int64\n",
      "yr_built         21613 non-null int64\n",
      "yr_renovated     21613 non-null int64\n",
      "zipcode          21613 non-null int64\n",
      "lat              21613 non-null float64\n",
      "long             21613 non-null float64\n",
      "sqft_living15    21613 non-null int64\n",
      "sqft_lot15       21613 non-null int64\n",
      "dtypes: datetime64[ns](1), float64(5), int64(15)\n",
      "memory usage: 3.5 MB\n"
     ]
    }
   ],
   "source": [
    "housing_df = pd.read_csv(\"kc_house_data.csv\", parse_dates = ['date'])\n",
    "housing_df.info()"
   ]
  },
  {
   "cell_type": "markdown",
   "metadata": {},
   "source": [
    "## Explore Data Analysis. Find out how one variable related to other and distributions of data."
   ]
  },
  {
   "cell_type": "code",
   "execution_count": 324,
   "metadata": {},
   "outputs": [],
   "source": [
    "# drop the id, zipcode as they are not relevant for the model. Instead of zip-code, we have lat-long\n",
    "housing_df = housing_df.drop(['id','zipcode'], axis=1)"
   ]
  },
  {
   "cell_type": "code",
   "execution_count": 325,
   "metadata": {},
   "outputs": [],
   "source": [
    "# find the num-of-days since this house was last sold. Add this as a new-feature into the dataframe and drop date. \n",
    "current = np.datetime64('today')\n",
    "housing_df['days-since-sold'] = current - housing_df['date']\n",
    "housing_df['days-since-sold'] = housing_df['days-since-sold'].dt.days\n",
    "\n",
    "# Drop the date column, as its no more relevant after the days-since-sold.  \n",
    "housing_df = housing_df.drop(['date'], axis=1)\n",
    "\n",
    "# Normalize the price in 10,000s \n",
    "housing_df['price'] = housing_df['price']/10000\n",
    "housing_df['price'] = housing_df[\"price\"].astype(int)"
   ]
  },
  {
   "cell_type": "code",
   "execution_count": 326,
   "metadata": {},
   "outputs": [
    {
     "name": "stdout",
     "output_type": "stream",
     "text": [
      "<class 'pandas.core.frame.DataFrame'>\n",
      "RangeIndex: 21613 entries, 0 to 21612\n",
      "Data columns (total 19 columns):\n",
      "price              21613 non-null int32\n",
      "bedrooms           21613 non-null int64\n",
      "bathrooms          21613 non-null float64\n",
      "sqft_living        21613 non-null int64\n",
      "sqft_lot           21613 non-null int64\n",
      "floors             21613 non-null float64\n",
      "waterfront         21613 non-null int64\n",
      "view               21613 non-null int64\n",
      "condition          21613 non-null int64\n",
      "grade              21613 non-null int64\n",
      "sqft_above         21613 non-null int64\n",
      "sqft_basement      21613 non-null int64\n",
      "yr_built           21613 non-null int64\n",
      "yr_renovated       21613 non-null int64\n",
      "lat                21613 non-null float64\n",
      "long               21613 non-null float64\n",
      "sqft_living15      21613 non-null int64\n",
      "sqft_lot15         21613 non-null int64\n",
      "days-since-sold    21613 non-null int64\n",
      "dtypes: float64(4), int32(1), int64(14)\n",
      "memory usage: 3.1 MB\n"
     ]
    }
   ],
   "source": [
    "housing_df.info()"
   ]
  },
  {
   "cell_type": "code",
   "execution_count": 327,
   "metadata": {},
   "outputs": [
    {
     "data": {
      "text/plain": [
       "False"
      ]
     },
     "execution_count": 327,
     "metadata": {},
     "output_type": "execute_result"
    }
   ],
   "source": [
    "# Now check if there are any null records \n",
    "housing_df.isnull().values.any()"
   ]
  },
  {
   "cell_type": "code",
   "execution_count": 328,
   "metadata": {},
   "outputs": [
    {
     "data": {
      "text/html": [
       "<div>\n",
       "<style scoped>\n",
       "    .dataframe tbody tr th:only-of-type {\n",
       "        vertical-align: middle;\n",
       "    }\n",
       "\n",
       "    .dataframe tbody tr th {\n",
       "        vertical-align: top;\n",
       "    }\n",
       "\n",
       "    .dataframe thead th {\n",
       "        text-align: right;\n",
       "    }\n",
       "</style>\n",
       "<table border=\"1\" class=\"dataframe\">\n",
       "  <thead>\n",
       "    <tr style=\"text-align: right;\">\n",
       "      <th></th>\n",
       "      <th>0</th>\n",
       "      <th>1</th>\n",
       "      <th>2</th>\n",
       "      <th>3</th>\n",
       "      <th>4</th>\n",
       "    </tr>\n",
       "  </thead>\n",
       "  <tbody>\n",
       "    <tr>\n",
       "      <th>price</th>\n",
       "      <td>22.0000</td>\n",
       "      <td>53.000</td>\n",
       "      <td>18.0000</td>\n",
       "      <td>60.0000</td>\n",
       "      <td>51.0000</td>\n",
       "    </tr>\n",
       "    <tr>\n",
       "      <th>bedrooms</th>\n",
       "      <td>3.0000</td>\n",
       "      <td>3.000</td>\n",
       "      <td>2.0000</td>\n",
       "      <td>4.0000</td>\n",
       "      <td>3.0000</td>\n",
       "    </tr>\n",
       "    <tr>\n",
       "      <th>bathrooms</th>\n",
       "      <td>1.0000</td>\n",
       "      <td>2.250</td>\n",
       "      <td>1.0000</td>\n",
       "      <td>3.0000</td>\n",
       "      <td>2.0000</td>\n",
       "    </tr>\n",
       "    <tr>\n",
       "      <th>sqft_living</th>\n",
       "      <td>1180.0000</td>\n",
       "      <td>2570.000</td>\n",
       "      <td>770.0000</td>\n",
       "      <td>1960.0000</td>\n",
       "      <td>1680.0000</td>\n",
       "    </tr>\n",
       "    <tr>\n",
       "      <th>sqft_lot</th>\n",
       "      <td>5650.0000</td>\n",
       "      <td>7242.000</td>\n",
       "      <td>10000.0000</td>\n",
       "      <td>5000.0000</td>\n",
       "      <td>8080.0000</td>\n",
       "    </tr>\n",
       "    <tr>\n",
       "      <th>floors</th>\n",
       "      <td>1.0000</td>\n",
       "      <td>2.000</td>\n",
       "      <td>1.0000</td>\n",
       "      <td>1.0000</td>\n",
       "      <td>1.0000</td>\n",
       "    </tr>\n",
       "    <tr>\n",
       "      <th>waterfront</th>\n",
       "      <td>0.0000</td>\n",
       "      <td>0.000</td>\n",
       "      <td>0.0000</td>\n",
       "      <td>0.0000</td>\n",
       "      <td>0.0000</td>\n",
       "    </tr>\n",
       "    <tr>\n",
       "      <th>view</th>\n",
       "      <td>0.0000</td>\n",
       "      <td>0.000</td>\n",
       "      <td>0.0000</td>\n",
       "      <td>0.0000</td>\n",
       "      <td>0.0000</td>\n",
       "    </tr>\n",
       "    <tr>\n",
       "      <th>condition</th>\n",
       "      <td>3.0000</td>\n",
       "      <td>3.000</td>\n",
       "      <td>3.0000</td>\n",
       "      <td>5.0000</td>\n",
       "      <td>3.0000</td>\n",
       "    </tr>\n",
       "    <tr>\n",
       "      <th>grade</th>\n",
       "      <td>7.0000</td>\n",
       "      <td>7.000</td>\n",
       "      <td>6.0000</td>\n",
       "      <td>7.0000</td>\n",
       "      <td>8.0000</td>\n",
       "    </tr>\n",
       "    <tr>\n",
       "      <th>sqft_above</th>\n",
       "      <td>1180.0000</td>\n",
       "      <td>2170.000</td>\n",
       "      <td>770.0000</td>\n",
       "      <td>1050.0000</td>\n",
       "      <td>1680.0000</td>\n",
       "    </tr>\n",
       "    <tr>\n",
       "      <th>sqft_basement</th>\n",
       "      <td>0.0000</td>\n",
       "      <td>400.000</td>\n",
       "      <td>0.0000</td>\n",
       "      <td>910.0000</td>\n",
       "      <td>0.0000</td>\n",
       "    </tr>\n",
       "    <tr>\n",
       "      <th>yr_built</th>\n",
       "      <td>1955.0000</td>\n",
       "      <td>1951.000</td>\n",
       "      <td>1933.0000</td>\n",
       "      <td>1965.0000</td>\n",
       "      <td>1987.0000</td>\n",
       "    </tr>\n",
       "    <tr>\n",
       "      <th>yr_renovated</th>\n",
       "      <td>0.0000</td>\n",
       "      <td>1991.000</td>\n",
       "      <td>0.0000</td>\n",
       "      <td>0.0000</td>\n",
       "      <td>0.0000</td>\n",
       "    </tr>\n",
       "    <tr>\n",
       "      <th>lat</th>\n",
       "      <td>47.5112</td>\n",
       "      <td>47.721</td>\n",
       "      <td>47.7379</td>\n",
       "      <td>47.5208</td>\n",
       "      <td>47.6168</td>\n",
       "    </tr>\n",
       "    <tr>\n",
       "      <th>long</th>\n",
       "      <td>-122.2570</td>\n",
       "      <td>-122.319</td>\n",
       "      <td>-122.2330</td>\n",
       "      <td>-122.3930</td>\n",
       "      <td>-122.0450</td>\n",
       "    </tr>\n",
       "    <tr>\n",
       "      <th>sqft_living15</th>\n",
       "      <td>1340.0000</td>\n",
       "      <td>1690.000</td>\n",
       "      <td>2720.0000</td>\n",
       "      <td>1360.0000</td>\n",
       "      <td>1800.0000</td>\n",
       "    </tr>\n",
       "    <tr>\n",
       "      <th>sqft_lot15</th>\n",
       "      <td>5650.0000</td>\n",
       "      <td>7639.000</td>\n",
       "      <td>8062.0000</td>\n",
       "      <td>5000.0000</td>\n",
       "      <td>7503.0000</td>\n",
       "    </tr>\n",
       "    <tr>\n",
       "      <th>days-since-sold</th>\n",
       "      <td>1735.0000</td>\n",
       "      <td>1678.000</td>\n",
       "      <td>1600.0000</td>\n",
       "      <td>1678.0000</td>\n",
       "      <td>1607.0000</td>\n",
       "    </tr>\n",
       "  </tbody>\n",
       "</table>\n",
       "</div>"
      ],
      "text/plain": [
       "                         0         1           2          3          4\n",
       "price              22.0000    53.000     18.0000    60.0000    51.0000\n",
       "bedrooms            3.0000     3.000      2.0000     4.0000     3.0000\n",
       "bathrooms           1.0000     2.250      1.0000     3.0000     2.0000\n",
       "sqft_living      1180.0000  2570.000    770.0000  1960.0000  1680.0000\n",
       "sqft_lot         5650.0000  7242.000  10000.0000  5000.0000  8080.0000\n",
       "floors              1.0000     2.000      1.0000     1.0000     1.0000\n",
       "waterfront          0.0000     0.000      0.0000     0.0000     0.0000\n",
       "view                0.0000     0.000      0.0000     0.0000     0.0000\n",
       "condition           3.0000     3.000      3.0000     5.0000     3.0000\n",
       "grade               7.0000     7.000      6.0000     7.0000     8.0000\n",
       "sqft_above       1180.0000  2170.000    770.0000  1050.0000  1680.0000\n",
       "sqft_basement       0.0000   400.000      0.0000   910.0000     0.0000\n",
       "yr_built         1955.0000  1951.000   1933.0000  1965.0000  1987.0000\n",
       "yr_renovated        0.0000  1991.000      0.0000     0.0000     0.0000\n",
       "lat                47.5112    47.721     47.7379    47.5208    47.6168\n",
       "long             -122.2570  -122.319   -122.2330  -122.3930  -122.0450\n",
       "sqft_living15    1340.0000  1690.000   2720.0000  1360.0000  1800.0000\n",
       "sqft_lot15       5650.0000  7639.000   8062.0000  5000.0000  7503.0000\n",
       "days-since-sold  1735.0000  1678.000   1600.0000  1678.0000  1607.0000"
      ]
     },
     "execution_count": 328,
     "metadata": {},
     "output_type": "execute_result"
    }
   ],
   "source": [
    "housing_df.head().T"
   ]
  },
  {
   "cell_type": "markdown",
   "metadata": {},
   "source": [
    "#### Find the co-relation between the features"
   ]
  },
  {
   "cell_type": "code",
   "execution_count": 329,
   "metadata": {},
   "outputs": [
    {
     "data": {
      "text/html": [
       "<div>\n",
       "<style scoped>\n",
       "    .dataframe tbody tr th:only-of-type {\n",
       "        vertical-align: middle;\n",
       "    }\n",
       "\n",
       "    .dataframe tbody tr th {\n",
       "        vertical-align: top;\n",
       "    }\n",
       "\n",
       "    .dataframe thead th {\n",
       "        text-align: right;\n",
       "    }\n",
       "</style>\n",
       "<table border=\"1\" class=\"dataframe\">\n",
       "  <thead>\n",
       "    <tr style=\"text-align: right;\">\n",
       "      <th></th>\n",
       "      <th>price</th>\n",
       "      <th>bedrooms</th>\n",
       "      <th>bathrooms</th>\n",
       "      <th>sqft_living</th>\n",
       "      <th>sqft_lot</th>\n",
       "      <th>floors</th>\n",
       "      <th>waterfront</th>\n",
       "      <th>view</th>\n",
       "      <th>condition</th>\n",
       "      <th>grade</th>\n",
       "      <th>sqft_above</th>\n",
       "      <th>sqft_basement</th>\n",
       "      <th>yr_built</th>\n",
       "      <th>yr_renovated</th>\n",
       "      <th>lat</th>\n",
       "      <th>long</th>\n",
       "      <th>sqft_living15</th>\n",
       "      <th>sqft_lot15</th>\n",
       "      <th>days-since-sold</th>\n",
       "    </tr>\n",
       "  </thead>\n",
       "  <tbody>\n",
       "    <tr>\n",
       "      <th>price</th>\n",
       "      <td>1.000000</td>\n",
       "      <td>0.308328</td>\n",
       "      <td>0.524852</td>\n",
       "      <td>0.701933</td>\n",
       "      <td>0.089843</td>\n",
       "      <td>0.256398</td>\n",
       "      <td>0.266411</td>\n",
       "      <td>0.397462</td>\n",
       "      <td>0.036407</td>\n",
       "      <td>0.667238</td>\n",
       "      <td>0.605349</td>\n",
       "      <td>0.324014</td>\n",
       "      <td>0.053414</td>\n",
       "      <td>0.126548</td>\n",
       "      <td>0.307363</td>\n",
       "      <td>0.021555</td>\n",
       "      <td>0.585315</td>\n",
       "      <td>0.082584</td>\n",
       "      <td>0.004251</td>\n",
       "    </tr>\n",
       "    <tr>\n",
       "      <th>bedrooms</th>\n",
       "      <td>0.308328</td>\n",
       "      <td>1.000000</td>\n",
       "      <td>0.515884</td>\n",
       "      <td>0.576671</td>\n",
       "      <td>0.031703</td>\n",
       "      <td>0.175429</td>\n",
       "      <td>-0.006582</td>\n",
       "      <td>0.079532</td>\n",
       "      <td>0.028472</td>\n",
       "      <td>0.356967</td>\n",
       "      <td>0.477600</td>\n",
       "      <td>0.303093</td>\n",
       "      <td>0.154178</td>\n",
       "      <td>0.018841</td>\n",
       "      <td>-0.008931</td>\n",
       "      <td>0.129473</td>\n",
       "      <td>0.391638</td>\n",
       "      <td>0.029244</td>\n",
       "      <td>0.016800</td>\n",
       "    </tr>\n",
       "    <tr>\n",
       "      <th>bathrooms</th>\n",
       "      <td>0.524852</td>\n",
       "      <td>0.515884</td>\n",
       "      <td>1.000000</td>\n",
       "      <td>0.754665</td>\n",
       "      <td>0.087740</td>\n",
       "      <td>0.500653</td>\n",
       "      <td>0.063744</td>\n",
       "      <td>0.187737</td>\n",
       "      <td>-0.124982</td>\n",
       "      <td>0.664983</td>\n",
       "      <td>0.685342</td>\n",
       "      <td>0.283770</td>\n",
       "      <td>0.506019</td>\n",
       "      <td>0.050739</td>\n",
       "      <td>0.024573</td>\n",
       "      <td>0.223042</td>\n",
       "      <td>0.568634</td>\n",
       "      <td>0.087175</td>\n",
       "      <td>0.034410</td>\n",
       "    </tr>\n",
       "    <tr>\n",
       "      <th>sqft_living</th>\n",
       "      <td>0.701933</td>\n",
       "      <td>0.576671</td>\n",
       "      <td>0.754665</td>\n",
       "      <td>1.000000</td>\n",
       "      <td>0.172826</td>\n",
       "      <td>0.353949</td>\n",
       "      <td>0.103818</td>\n",
       "      <td>0.284611</td>\n",
       "      <td>-0.058753</td>\n",
       "      <td>0.762704</td>\n",
       "      <td>0.876597</td>\n",
       "      <td>0.435043</td>\n",
       "      <td>0.318049</td>\n",
       "      <td>0.055363</td>\n",
       "      <td>0.052529</td>\n",
       "      <td>0.240223</td>\n",
       "      <td>0.756420</td>\n",
       "      <td>0.183286</td>\n",
       "      <td>0.034559</td>\n",
       "    </tr>\n",
       "    <tr>\n",
       "      <th>sqft_lot</th>\n",
       "      <td>0.089843</td>\n",
       "      <td>0.031703</td>\n",
       "      <td>0.087740</td>\n",
       "      <td>0.172826</td>\n",
       "      <td>1.000000</td>\n",
       "      <td>-0.005201</td>\n",
       "      <td>0.021604</td>\n",
       "      <td>0.074710</td>\n",
       "      <td>-0.008958</td>\n",
       "      <td>0.113621</td>\n",
       "      <td>0.183512</td>\n",
       "      <td>0.015286</td>\n",
       "      <td>0.053080</td>\n",
       "      <td>0.007644</td>\n",
       "      <td>-0.085683</td>\n",
       "      <td>0.229521</td>\n",
       "      <td>0.144608</td>\n",
       "      <td>0.718557</td>\n",
       "      <td>-0.006313</td>\n",
       "    </tr>\n",
       "    <tr>\n",
       "      <th>floors</th>\n",
       "      <td>0.256398</td>\n",
       "      <td>0.175429</td>\n",
       "      <td>0.500653</td>\n",
       "      <td>0.353949</td>\n",
       "      <td>-0.005201</td>\n",
       "      <td>1.000000</td>\n",
       "      <td>0.023698</td>\n",
       "      <td>0.029444</td>\n",
       "      <td>-0.263768</td>\n",
       "      <td>0.458183</td>\n",
       "      <td>0.523885</td>\n",
       "      <td>-0.245705</td>\n",
       "      <td>0.489319</td>\n",
       "      <td>0.006338</td>\n",
       "      <td>0.049614</td>\n",
       "      <td>0.125419</td>\n",
       "      <td>0.279885</td>\n",
       "      <td>-0.011269</td>\n",
       "      <td>0.022491</td>\n",
       "    </tr>\n",
       "    <tr>\n",
       "      <th>waterfront</th>\n",
       "      <td>0.266411</td>\n",
       "      <td>-0.006582</td>\n",
       "      <td>0.063744</td>\n",
       "      <td>0.103818</td>\n",
       "      <td>0.021604</td>\n",
       "      <td>0.023698</td>\n",
       "      <td>1.000000</td>\n",
       "      <td>0.401857</td>\n",
       "      <td>0.016653</td>\n",
       "      <td>0.082775</td>\n",
       "      <td>0.072075</td>\n",
       "      <td>0.080588</td>\n",
       "      <td>-0.026161</td>\n",
       "      <td>0.092885</td>\n",
       "      <td>-0.014274</td>\n",
       "      <td>-0.041910</td>\n",
       "      <td>0.086463</td>\n",
       "      <td>0.030703</td>\n",
       "      <td>-0.001356</td>\n",
       "    </tr>\n",
       "    <tr>\n",
       "      <th>view</th>\n",
       "      <td>0.397462</td>\n",
       "      <td>0.079532</td>\n",
       "      <td>0.187737</td>\n",
       "      <td>0.284611</td>\n",
       "      <td>0.074710</td>\n",
       "      <td>0.029444</td>\n",
       "      <td>0.401857</td>\n",
       "      <td>1.000000</td>\n",
       "      <td>0.045990</td>\n",
       "      <td>0.251321</td>\n",
       "      <td>0.167649</td>\n",
       "      <td>0.276947</td>\n",
       "      <td>-0.053440</td>\n",
       "      <td>0.103917</td>\n",
       "      <td>0.006157</td>\n",
       "      <td>-0.078400</td>\n",
       "      <td>0.280439</td>\n",
       "      <td>0.072575</td>\n",
       "      <td>0.001800</td>\n",
       "    </tr>\n",
       "    <tr>\n",
       "      <th>condition</th>\n",
       "      <td>0.036407</td>\n",
       "      <td>0.028472</td>\n",
       "      <td>-0.124982</td>\n",
       "      <td>-0.058753</td>\n",
       "      <td>-0.008958</td>\n",
       "      <td>-0.263768</td>\n",
       "      <td>0.016653</td>\n",
       "      <td>0.045990</td>\n",
       "      <td>1.000000</td>\n",
       "      <td>-0.144674</td>\n",
       "      <td>-0.158214</td>\n",
       "      <td>0.174105</td>\n",
       "      <td>-0.361417</td>\n",
       "      <td>-0.060618</td>\n",
       "      <td>-0.014941</td>\n",
       "      <td>-0.106500</td>\n",
       "      <td>-0.092824</td>\n",
       "      <td>-0.003406</td>\n",
       "      <td>0.050769</td>\n",
       "    </tr>\n",
       "    <tr>\n",
       "      <th>grade</th>\n",
       "      <td>0.667238</td>\n",
       "      <td>0.356967</td>\n",
       "      <td>0.664983</td>\n",
       "      <td>0.762704</td>\n",
       "      <td>0.113621</td>\n",
       "      <td>0.458183</td>\n",
       "      <td>0.082775</td>\n",
       "      <td>0.251321</td>\n",
       "      <td>-0.144674</td>\n",
       "      <td>1.000000</td>\n",
       "      <td>0.755923</td>\n",
       "      <td>0.168392</td>\n",
       "      <td>0.446963</td>\n",
       "      <td>0.014414</td>\n",
       "      <td>0.114084</td>\n",
       "      <td>0.198372</td>\n",
       "      <td>0.713202</td>\n",
       "      <td>0.119248</td>\n",
       "      <td>0.039912</td>\n",
       "    </tr>\n",
       "    <tr>\n",
       "      <th>sqft_above</th>\n",
       "      <td>0.605349</td>\n",
       "      <td>0.477600</td>\n",
       "      <td>0.685342</td>\n",
       "      <td>0.876597</td>\n",
       "      <td>0.183512</td>\n",
       "      <td>0.523885</td>\n",
       "      <td>0.072075</td>\n",
       "      <td>0.167649</td>\n",
       "      <td>-0.158214</td>\n",
       "      <td>0.755923</td>\n",
       "      <td>1.000000</td>\n",
       "      <td>-0.051943</td>\n",
       "      <td>0.423898</td>\n",
       "      <td>0.023285</td>\n",
       "      <td>-0.000816</td>\n",
       "      <td>0.343803</td>\n",
       "      <td>0.731870</td>\n",
       "      <td>0.194050</td>\n",
       "      <td>0.027924</td>\n",
       "    </tr>\n",
       "    <tr>\n",
       "      <th>sqft_basement</th>\n",
       "      <td>0.324014</td>\n",
       "      <td>0.303093</td>\n",
       "      <td>0.283770</td>\n",
       "      <td>0.435043</td>\n",
       "      <td>0.015286</td>\n",
       "      <td>-0.245705</td>\n",
       "      <td>0.080588</td>\n",
       "      <td>0.276947</td>\n",
       "      <td>0.174105</td>\n",
       "      <td>0.168392</td>\n",
       "      <td>-0.051943</td>\n",
       "      <td>1.000000</td>\n",
       "      <td>-0.133124</td>\n",
       "      <td>0.071323</td>\n",
       "      <td>0.110538</td>\n",
       "      <td>-0.144765</td>\n",
       "      <td>0.200355</td>\n",
       "      <td>0.017276</td>\n",
       "      <td>0.019469</td>\n",
       "    </tr>\n",
       "    <tr>\n",
       "      <th>yr_built</th>\n",
       "      <td>0.053414</td>\n",
       "      <td>0.154178</td>\n",
       "      <td>0.506019</td>\n",
       "      <td>0.318049</td>\n",
       "      <td>0.053080</td>\n",
       "      <td>0.489319</td>\n",
       "      <td>-0.026161</td>\n",
       "      <td>-0.053440</td>\n",
       "      <td>-0.361417</td>\n",
       "      <td>0.446963</td>\n",
       "      <td>0.423898</td>\n",
       "      <td>-0.133124</td>\n",
       "      <td>1.000000</td>\n",
       "      <td>-0.224874</td>\n",
       "      <td>-0.148122</td>\n",
       "      <td>0.409356</td>\n",
       "      <td>0.326229</td>\n",
       "      <td>0.070958</td>\n",
       "      <td>0.000355</td>\n",
       "    </tr>\n",
       "    <tr>\n",
       "      <th>yr_renovated</th>\n",
       "      <td>0.126548</td>\n",
       "      <td>0.018841</td>\n",
       "      <td>0.050739</td>\n",
       "      <td>0.055363</td>\n",
       "      <td>0.007644</td>\n",
       "      <td>0.006338</td>\n",
       "      <td>0.092885</td>\n",
       "      <td>0.103917</td>\n",
       "      <td>-0.060618</td>\n",
       "      <td>0.014414</td>\n",
       "      <td>0.023285</td>\n",
       "      <td>0.071323</td>\n",
       "      <td>-0.224874</td>\n",
       "      <td>1.000000</td>\n",
       "      <td>0.029398</td>\n",
       "      <td>-0.068372</td>\n",
       "      <td>-0.002673</td>\n",
       "      <td>0.007854</td>\n",
       "      <td>0.024509</td>\n",
       "    </tr>\n",
       "    <tr>\n",
       "      <th>lat</th>\n",
       "      <td>0.307363</td>\n",
       "      <td>-0.008931</td>\n",
       "      <td>0.024573</td>\n",
       "      <td>0.052529</td>\n",
       "      <td>-0.085683</td>\n",
       "      <td>0.049614</td>\n",
       "      <td>-0.014274</td>\n",
       "      <td>0.006157</td>\n",
       "      <td>-0.014941</td>\n",
       "      <td>0.114084</td>\n",
       "      <td>-0.000816</td>\n",
       "      <td>0.110538</td>\n",
       "      <td>-0.148122</td>\n",
       "      <td>0.029398</td>\n",
       "      <td>1.000000</td>\n",
       "      <td>-0.135512</td>\n",
       "      <td>0.048858</td>\n",
       "      <td>-0.086419</td>\n",
       "      <td>0.032856</td>\n",
       "    </tr>\n",
       "    <tr>\n",
       "      <th>long</th>\n",
       "      <td>0.021555</td>\n",
       "      <td>0.129473</td>\n",
       "      <td>0.223042</td>\n",
       "      <td>0.240223</td>\n",
       "      <td>0.229521</td>\n",
       "      <td>0.125419</td>\n",
       "      <td>-0.041910</td>\n",
       "      <td>-0.078400</td>\n",
       "      <td>-0.106500</td>\n",
       "      <td>0.198372</td>\n",
       "      <td>0.343803</td>\n",
       "      <td>-0.144765</td>\n",
       "      <td>0.409356</td>\n",
       "      <td>-0.068372</td>\n",
       "      <td>-0.135512</td>\n",
       "      <td>1.000000</td>\n",
       "      <td>0.334605</td>\n",
       "      <td>0.254451</td>\n",
       "      <td>0.007020</td>\n",
       "    </tr>\n",
       "    <tr>\n",
       "      <th>sqft_living15</th>\n",
       "      <td>0.585315</td>\n",
       "      <td>0.391638</td>\n",
       "      <td>0.568634</td>\n",
       "      <td>0.756420</td>\n",
       "      <td>0.144608</td>\n",
       "      <td>0.279885</td>\n",
       "      <td>0.086463</td>\n",
       "      <td>0.280439</td>\n",
       "      <td>-0.092824</td>\n",
       "      <td>0.713202</td>\n",
       "      <td>0.731870</td>\n",
       "      <td>0.200355</td>\n",
       "      <td>0.326229</td>\n",
       "      <td>-0.002673</td>\n",
       "      <td>0.048858</td>\n",
       "      <td>0.334605</td>\n",
       "      <td>1.000000</td>\n",
       "      <td>0.183192</td>\n",
       "      <td>0.031515</td>\n",
       "    </tr>\n",
       "    <tr>\n",
       "      <th>sqft_lot15</th>\n",
       "      <td>0.082584</td>\n",
       "      <td>0.029244</td>\n",
       "      <td>0.087175</td>\n",
       "      <td>0.183286</td>\n",
       "      <td>0.718557</td>\n",
       "      <td>-0.011269</td>\n",
       "      <td>0.030703</td>\n",
       "      <td>0.072575</td>\n",
       "      <td>-0.003406</td>\n",
       "      <td>0.119248</td>\n",
       "      <td>0.194050</td>\n",
       "      <td>0.017276</td>\n",
       "      <td>0.070958</td>\n",
       "      <td>0.007854</td>\n",
       "      <td>-0.086419</td>\n",
       "      <td>0.254451</td>\n",
       "      <td>0.183192</td>\n",
       "      <td>1.000000</td>\n",
       "      <td>-0.002566</td>\n",
       "    </tr>\n",
       "    <tr>\n",
       "      <th>days-since-sold</th>\n",
       "      <td>0.004251</td>\n",
       "      <td>0.016800</td>\n",
       "      <td>0.034410</td>\n",
       "      <td>0.034559</td>\n",
       "      <td>-0.006313</td>\n",
       "      <td>0.022491</td>\n",
       "      <td>-0.001356</td>\n",
       "      <td>0.001800</td>\n",
       "      <td>0.050769</td>\n",
       "      <td>0.039912</td>\n",
       "      <td>0.027924</td>\n",
       "      <td>0.019469</td>\n",
       "      <td>0.000355</td>\n",
       "      <td>0.024509</td>\n",
       "      <td>0.032856</td>\n",
       "      <td>0.007020</td>\n",
       "      <td>0.031515</td>\n",
       "      <td>-0.002566</td>\n",
       "      <td>1.000000</td>\n",
       "    </tr>\n",
       "  </tbody>\n",
       "</table>\n",
       "</div>"
      ],
      "text/plain": [
       "                    price  bedrooms  bathrooms  sqft_living  sqft_lot  \\\n",
       "price            1.000000  0.308328   0.524852     0.701933  0.089843   \n",
       "bedrooms         0.308328  1.000000   0.515884     0.576671  0.031703   \n",
       "bathrooms        0.524852  0.515884   1.000000     0.754665  0.087740   \n",
       "sqft_living      0.701933  0.576671   0.754665     1.000000  0.172826   \n",
       "sqft_lot         0.089843  0.031703   0.087740     0.172826  1.000000   \n",
       "floors           0.256398  0.175429   0.500653     0.353949 -0.005201   \n",
       "waterfront       0.266411 -0.006582   0.063744     0.103818  0.021604   \n",
       "view             0.397462  0.079532   0.187737     0.284611  0.074710   \n",
       "condition        0.036407  0.028472  -0.124982    -0.058753 -0.008958   \n",
       "grade            0.667238  0.356967   0.664983     0.762704  0.113621   \n",
       "sqft_above       0.605349  0.477600   0.685342     0.876597  0.183512   \n",
       "sqft_basement    0.324014  0.303093   0.283770     0.435043  0.015286   \n",
       "yr_built         0.053414  0.154178   0.506019     0.318049  0.053080   \n",
       "yr_renovated     0.126548  0.018841   0.050739     0.055363  0.007644   \n",
       "lat              0.307363 -0.008931   0.024573     0.052529 -0.085683   \n",
       "long             0.021555  0.129473   0.223042     0.240223  0.229521   \n",
       "sqft_living15    0.585315  0.391638   0.568634     0.756420  0.144608   \n",
       "sqft_lot15       0.082584  0.029244   0.087175     0.183286  0.718557   \n",
       "days-since-sold  0.004251  0.016800   0.034410     0.034559 -0.006313   \n",
       "\n",
       "                   floors  waterfront      view  condition     grade  \\\n",
       "price            0.256398    0.266411  0.397462   0.036407  0.667238   \n",
       "bedrooms         0.175429   -0.006582  0.079532   0.028472  0.356967   \n",
       "bathrooms        0.500653    0.063744  0.187737  -0.124982  0.664983   \n",
       "sqft_living      0.353949    0.103818  0.284611  -0.058753  0.762704   \n",
       "sqft_lot        -0.005201    0.021604  0.074710  -0.008958  0.113621   \n",
       "floors           1.000000    0.023698  0.029444  -0.263768  0.458183   \n",
       "waterfront       0.023698    1.000000  0.401857   0.016653  0.082775   \n",
       "view             0.029444    0.401857  1.000000   0.045990  0.251321   \n",
       "condition       -0.263768    0.016653  0.045990   1.000000 -0.144674   \n",
       "grade            0.458183    0.082775  0.251321  -0.144674  1.000000   \n",
       "sqft_above       0.523885    0.072075  0.167649  -0.158214  0.755923   \n",
       "sqft_basement   -0.245705    0.080588  0.276947   0.174105  0.168392   \n",
       "yr_built         0.489319   -0.026161 -0.053440  -0.361417  0.446963   \n",
       "yr_renovated     0.006338    0.092885  0.103917  -0.060618  0.014414   \n",
       "lat              0.049614   -0.014274  0.006157  -0.014941  0.114084   \n",
       "long             0.125419   -0.041910 -0.078400  -0.106500  0.198372   \n",
       "sqft_living15    0.279885    0.086463  0.280439  -0.092824  0.713202   \n",
       "sqft_lot15      -0.011269    0.030703  0.072575  -0.003406  0.119248   \n",
       "days-since-sold  0.022491   -0.001356  0.001800   0.050769  0.039912   \n",
       "\n",
       "                 sqft_above  sqft_basement  yr_built  yr_renovated       lat  \\\n",
       "price              0.605349       0.324014  0.053414      0.126548  0.307363   \n",
       "bedrooms           0.477600       0.303093  0.154178      0.018841 -0.008931   \n",
       "bathrooms          0.685342       0.283770  0.506019      0.050739  0.024573   \n",
       "sqft_living        0.876597       0.435043  0.318049      0.055363  0.052529   \n",
       "sqft_lot           0.183512       0.015286  0.053080      0.007644 -0.085683   \n",
       "floors             0.523885      -0.245705  0.489319      0.006338  0.049614   \n",
       "waterfront         0.072075       0.080588 -0.026161      0.092885 -0.014274   \n",
       "view               0.167649       0.276947 -0.053440      0.103917  0.006157   \n",
       "condition         -0.158214       0.174105 -0.361417     -0.060618 -0.014941   \n",
       "grade              0.755923       0.168392  0.446963      0.014414  0.114084   \n",
       "sqft_above         1.000000      -0.051943  0.423898      0.023285 -0.000816   \n",
       "sqft_basement     -0.051943       1.000000 -0.133124      0.071323  0.110538   \n",
       "yr_built           0.423898      -0.133124  1.000000     -0.224874 -0.148122   \n",
       "yr_renovated       0.023285       0.071323 -0.224874      1.000000  0.029398   \n",
       "lat               -0.000816       0.110538 -0.148122      0.029398  1.000000   \n",
       "long               0.343803      -0.144765  0.409356     -0.068372 -0.135512   \n",
       "sqft_living15      0.731870       0.200355  0.326229     -0.002673  0.048858   \n",
       "sqft_lot15         0.194050       0.017276  0.070958      0.007854 -0.086419   \n",
       "days-since-sold    0.027924       0.019469  0.000355      0.024509  0.032856   \n",
       "\n",
       "                     long  sqft_living15  sqft_lot15  days-since-sold  \n",
       "price            0.021555       0.585315    0.082584         0.004251  \n",
       "bedrooms         0.129473       0.391638    0.029244         0.016800  \n",
       "bathrooms        0.223042       0.568634    0.087175         0.034410  \n",
       "sqft_living      0.240223       0.756420    0.183286         0.034559  \n",
       "sqft_lot         0.229521       0.144608    0.718557        -0.006313  \n",
       "floors           0.125419       0.279885   -0.011269         0.022491  \n",
       "waterfront      -0.041910       0.086463    0.030703        -0.001356  \n",
       "view            -0.078400       0.280439    0.072575         0.001800  \n",
       "condition       -0.106500      -0.092824   -0.003406         0.050769  \n",
       "grade            0.198372       0.713202    0.119248         0.039912  \n",
       "sqft_above       0.343803       0.731870    0.194050         0.027924  \n",
       "sqft_basement   -0.144765       0.200355    0.017276         0.019469  \n",
       "yr_built         0.409356       0.326229    0.070958         0.000355  \n",
       "yr_renovated    -0.068372      -0.002673    0.007854         0.024509  \n",
       "lat             -0.135512       0.048858   -0.086419         0.032856  \n",
       "long             1.000000       0.334605    0.254451         0.007020  \n",
       "sqft_living15    0.334605       1.000000    0.183192         0.031515  \n",
       "sqft_lot15       0.254451       0.183192    1.000000        -0.002566  \n",
       "days-since-sold  0.007020       0.031515   -0.002566         1.000000  "
      ]
     },
     "execution_count": 329,
     "metadata": {},
     "output_type": "execute_result"
    }
   ],
   "source": [
    "import seaborn as sns\n",
    "corr_data = housing_df.corr()\n",
    "corr_data"
   ]
  },
  {
   "cell_type": "code",
   "execution_count": 272,
   "metadata": {},
   "outputs": [
    {
     "data": {
      "text/plain": [
       "<matplotlib.axes._subplots.AxesSubplot at 0x594862e8>"
      ]
     },
     "execution_count": 272,
     "metadata": {},
     "output_type": "execute_result"
    },
    {
     "data": {
