{
 "cells": [
  {
   "cell_type": "code",
   "execution_count": 2,
   "metadata": {},
   "outputs": [],
   "source": [
    "import warnings \n",
    "warnings.filterwarnings('ignore')"
   ]
  },
  {
   "cell_type": "code",
   "execution_count": 3,
   "metadata": {},
   "outputs": [],
   "source": [
    "import numpy as np\n",
    "import pandas as pd\n",
    "from sklearn.neighbors import KNeighborsClassifier\n",
    "from sklearn.model_selection import train_test_split\n",
    "from scipy.stats import zscore\n",
    "from sklearn.preprocessing import Imputer\n",
    "from sklearn.metrics import accuracy_score\n",
    "from sklearn import metrics\n",
    "from sklearn.metrics import accuracy_score, confusion_matrix, recall_score, precision_score, f1_score, auc\n",
    "from sklearn.preprocessing import StandardScaler\n",
    "from sklearn.linear_model import LogisticRegression\n",
    "from sklearn.metrics import roc_curve\n",
    "import math"
   ]
  },
  {
   "cell_type": "code",
   "execution_count": 4,
   "metadata": {},
   "outputs": [],
   "source": [
    "# importing ploting libraries\n",
    "import matplotlib.pyplot as plt   \n",
    "#importing seaborn for statistical plots\n",
    "import seaborn as sns\n",
    "# To enable plotting graphs in Jupyter notebook\n",
    "%matplotlib inline  "
   ]
  },
  {
   "cell_type": "markdown",
   "metadata": {},
   "source": [
    "### Study the data distribution in each attribute, share your findings. (5 points)"
   ]
  },
  {
   "cell_type": "code",
   "execution_count": 5,
   "metadata": {},
   "outputs": [],
   "source": [
    "#Load the file from local directory which is a special form of read_table\n",
    "bank_df = pd.read_csv(\"Bank_Personal_Loan_Modelling.csv\")"
   ]
  },
  {
   "cell_type": "code",
   "execution_count": 6,
   "metadata": {},
   "outputs": [
    {
     "data": {
      "text/html": [
       "<div>\n",
       "<style scoped>\n",
       "    .dataframe tbody tr th:only-of-type {\n",
       "        vertical-align: middle;\n",
       "    }\n",
       "\n",
       "    .dataframe tbody tr th {\n",
       "        vertical-align: top;\n",
       "    }\n",
       "\n",
       "    .dataframe thead th {\n",
       "        text-align: right;\n",
       "    }\n",
       "</style>\n",
       "<table border=\"1\" class=\"dataframe\">\n",
       "  <thead>\n",
       "    <tr style=\"text-align: right;\">\n",
       "      <th></th>\n",
       "      <th>ID</th>\n",
       "      <th>Age</th>\n",
       "      <th>Experience</th>\n",
       "      <th>Income</th>\n",
       "      <th>ZIP Code</th>\n",
       "      <th>Family</th>\n",
       "      <th>CCAvg</th>\n",
       "      <th>Education</th>\n",
       "      <th>Mortgage</th>\n",
       "      <th>Personal Loan</th>\n",
       "      <th>Securities Account</th>\n",
       "      <th>CD Account</th>\n",
       "      <th>Online</th>\n",
       "      <th>CreditCard</th>\n",
       "    </tr>\n",
       "  </thead>\n",
       "  <tbody>\n",
       "    <tr>\n",
       "      <th>0</th>\n",
       "      <td>1</td>\n",
       "      <td>25</td>\n",
       "      <td>1</td>\n",
       "      <td>49</td>\n",
       "      <td>91107</td>\n",
       "      <td>4</td>\n",
       "      <td>1.6</td>\n",
       "      <td>1</td>\n",
       "      <td>0</td>\n",
       "      <td>0</td>\n",
       "      <td>1</td>\n",
       "      <td>0</td>\n",
       "      <td>0</td>\n",
       "      <td>0</td>\n",
       "    </tr>\n",
       "    <tr>\n",
       "      <th>1</th>\n",
       "      <td>2</td>\n",
       "      <td>45</td>\n",
       "      <td>19</td>\n",
       "      <td>34</td>\n",
       "      <td>90089</td>\n",
       "      <td>3</td>\n",
       "      <td>1.5</td>\n",
       "      <td>1</td>\n",
       "      <td>0</td>\n",
       "      <td>0</td>\n",
       "      <td>1</td>\n",
       "      <td>0</td>\n",
       "      <td>0</td>\n",
       "      <td>0</td>\n",
       "    </tr>\n",
       "    <tr>\n",
       "      <th>2</th>\n",
       "      <td>3</td>\n",
       "      <td>39</td>\n",
       "      <td>15</td>\n",
       "      <td>11</td>\n",
       "      <td>94720</td>\n",
       "      <td>1</td>\n",
       "      <td>1.0</td>\n",
       "      <td>1</td>\n",
       "      <td>0</td>\n",
       "      <td>0</td>\n",
       "      <td>0</td>\n",
       "      <td>0</td>\n",
       "      <td>0</td>\n",
       "      <td>0</td>\n",
       "    </tr>\n",
       "    <tr>\n",
       "      <th>3</th>\n",
       "      <td>4</td>\n",
       "      <td>35</td>\n",
       "      <td>9</td>\n",
       "      <td>100</td>\n",
       "      <td>94112</td>\n",
       "      <td>1</td>\n",
       "      <td>2.7</td>\n",
       "      <td>2</td>\n",
       "      <td>0</td>\n",
       "      <td>0</td>\n",
       "      <td>0</td>\n",
       "      <td>0</td>\n",
       "      <td>0</td>\n",
       "      <td>0</td>\n",
       "    </tr>\n",
       "    <tr>\n",
       "      <th>4</th>\n",
       "      <td>5</td>\n",
       "      <td>35</td>\n",
       "      <td>8</td>\n",
       "      <td>45</td>\n",
       "      <td>91330</td>\n",
       "      <td>4</td>\n",
       "      <td>1.0</td>\n",
       "      <td>2</td>\n",
       "      <td>0</td>\n",
       "      <td>0</td>\n",
       "      <td>0</td>\n",
       "      <td>0</td>\n",
       "      <td>0</td>\n",
       "      <td>1</td>\n",
       "    </tr>\n",
       "  </tbody>\n",
       "</table>\n",
       "</div>"
      ],
      "text/plain": [
       "   ID  Age  Experience  Income  ZIP Code  Family  CCAvg  Education  Mortgage  \\\n",
       "0   1   25           1      49     91107       4    1.6          1         0   \n",
       "1   2   45          19      34     90089       3    1.5          1         0   \n",
       "2   3   39          15      11     94720       1    1.0          1         0   \n",
       "3   4   35           9     100     94112       1    2.7          2         0   \n",
       "4   5   35           8      45     91330       4    1.0          2         0   \n",
       "\n",
       "   Personal Loan  Securities Account  CD Account  Online  CreditCard  \n",
       "0              0                   1           0       0           0  \n",
       "1              0                   1           0       0           0  \n",
       "2              0                   0           0       0           0  \n",
       "3              0                   0           0       0           0  \n",
       "4              0                   0           0       0           1  "
      ]
     },
     "execution_count": 6,
     "metadata": {},
     "output_type": "execute_result"
    }
   ],
   "source": [
    "bank_df.head()"
   ]
  },
  {
   "cell_type": "code",
   "execution_count": 7,
   "metadata": {},
   "outputs": [
    {
     "name": "stdout",
     "output_type": "stream",
     "text": [
      "<class 'pandas.core.frame.DataFrame'>\n",
      "RangeIndex: 5000 entries, 0 to 4999\n",
      "Data columns (total 14 columns):\n",
      "ID                    5000 non-null int64\n",
      "Age                   5000 non-null int64\n",
      "Experience            5000 non-null int64\n",
      "Income                5000 non-null int64\n",
      "ZIP Code              5000 non-null int64\n",
      "Family                5000 non-null int64\n",
      "CCAvg                 5000 non-null float64\n",
      "Education             5000 non-null int64\n",
      "Mortgage              5000 non-null int64\n",
      "Personal Loan         5000 non-null int64\n",
      "Securities Account    5000 non-null int64\n",
      "CD Account            5000 non-null int64\n",
      "Online                5000 non-null int64\n",
      "CreditCard            5000 non-null int64\n",
      "dtypes: float64(1), int64(13)\n",
      "memory usage: 547.0 KB\n"
     ]
    }
   ],
   "source": [
    "bank_df.info()"
   ]
  },
  {
   "cell_type": "code",
   "execution_count": 8,
   "metadata": {},
   "outputs": [
    {
     "name": "stdout",
     "output_type": "stream",
     "text": [
      "***********Each Attribute's Data Type***********\n",
      "\n",
      " ID=Continuous Numerical\n",
      " Age=Continous Numerical\n",
      " Experience=Continous Numerical\n",
      " Income=Continuous Numerical\n",
      " ZIP code=Categorical\n",
      " Family=Continous Numerical\n",
      " CCAvg=Numerical\n",
      " Education=Categorical\n",
      " Mortgage=Continous-Numerical\n",
      " Personal Loan=Binary-Categorical\n",
      " Securities Account=Binary-Categorical\n",
      " CD Account=Binary-Categorical\n",
      " Online=Binary-Categorical\n",
      " CreditCard=Binary-Categorical\n",
      "\n"
     ]
    }
   ],
   "source": [
    "print (\"***********Each Attribute's Data Type***********\\n\")\n",
    "print (\" ID=Continuous Numerical\\n Age=Continous Numerical\\n Experience=Continous Numerical\\n Income=Continuous Numerical\\n ZIP code=Categorical\\n Family=Continous Numerical\\n CCAvg=Numerical\\n Education=Categorical\\n Mortgage=Continous-Numerical\\n Personal Loan=Binary-Categorical\\n Securities Account=Binary-Categorical\\n CD Account=Binary-Categorical\\n Online=Binary-Categorical\\n CreditCard=Binary-Categorical\\n\")"
   ]
  },
  {
   "cell_type": "code",
   "execution_count": 9,
   "metadata": {},
   "outputs": [
    {
     "data": {
      "text/html": [
       "<div>\n",
       "<style scoped>\n",
       "    .dataframe tbody tr th:only-of-type {\n",
       "        vertical-align: middle;\n",
       "    }\n",
       "\n",
       "    .dataframe tbody tr th {\n",
       "        vertical-align: top;\n",
       "    }\n",
       "\n",
       "    .dataframe thead th {\n",
       "        text-align: right;\n",
       "    }\n",
       "</style>\n",
       "<table border=\"1\" class=\"dataframe\">\n",
       "  <thead>\n",
       "    <tr style=\"text-align: right;\">\n",
       "      <th></th>\n",
       "      <th>ID</th>\n",
       "      <th>Age</th>\n",
       "      <th>Experience</th>\n",
       "      <th>Income</th>\n",
       "      <th>ZIP Code</th>\n",
       "      <th>Family</th>\n",
       "      <th>CCAvg</th>\n",
       "      <th>Education</th>\n",
       "      <th>Mortgage</th>\n",
       "      <th>Personal Loan</th>\n",
       "      <th>Securities Account</th>\n",
       "      <th>CD Account</th>\n",
       "      <th>Online</th>\n",
       "      <th>CreditCard</th>\n",
       "    </tr>\n",
       "  </thead>\n",
       "  <tbody>\n",
       "    <tr>\n",
       "      <th>ID</th>\n",
       "      <td>1.000000</td>\n",
       "      <td>-0.008473</td>\n",
       "      <td>-0.008326</td>\n",
       "      <td>-0.017695</td>\n",
       "      <td>0.013432</td>\n",
       "      <td>-0.016797</td>\n",
       "      <td>-0.024675</td>\n",
       "      <td>0.021463</td>\n",
       "      <td>-0.013920</td>\n",
       "      <td>-0.024801</td>\n",
       "      <td>-0.016972</td>\n",
       "      <td>-0.006909</td>\n",
       "      <td>-0.002528</td>\n",
       "      <td>0.017028</td>\n",
       "    </tr>\n",
       "    <tr>\n",
       "      <th>Age</th>\n",
       "      <td>-0.008473</td>\n",
       "      <td>1.000000</td>\n",
       "      <td>0.994215</td>\n",
       "      <td>-0.055269</td>\n",
       "      <td>-0.029216</td>\n",
       "      <td>-0.046418</td>\n",
       "      <td>-0.052012</td>\n",
       "      <td>0.041334</td>\n",
       "      <td>-0.012539</td>\n",
       "      <td>-0.007726</td>\n",
       "      <td>-0.000436</td>\n",
       "      <td>0.008043</td>\n",
       "      <td>0.013702</td>\n",
       "      <td>0.007681</td>\n",
       "    </tr>\n",
       "    <tr>\n",
       "      <th>Experience</th>\n",
       "      <td>-0.008326</td>\n",
       "      <td>0.994215</td>\n",
       "      <td>1.000000</td>\n",
       "      <td>-0.046574</td>\n",
       "      <td>-0.028626</td>\n",
       "      <td>-0.052563</td>\n",
       "      <td>-0.050077</td>\n",
       "      <td>0.013152</td>\n",
       "      <td>-0.010582</td>\n",
       "      <td>-0.007413</td>\n",
       "      <td>-0.001232</td>\n",
       "      <td>0.010353</td>\n",
       "      <td>0.013898</td>\n",
       "      <td>0.008967</td>\n",
       "    </tr>\n",
       "    <tr>\n",
       "      <th>Income</th>\n",
       "      <td>-0.017695</td>\n",
       "      <td>-0.055269</td>\n",
       "      <td>-0.046574</td>\n",
       "      <td>1.000000</td>\n",
       "      <td>-0.016410</td>\n",
       "      <td>-0.157501</td>\n",
       "      <td>0.645984</td>\n",
       "      <td>-0.187524</td>\n",
       "      <td>0.206806</td>\n",
       "      <td>0.502462</td>\n",
       "      <td>-0.002616</td>\n",
       "      <td>0.169738</td>\n",
       "      <td>0.014206</td>\n",
       "      <td>-0.002385</td>\n",
       "    </tr>\n",
       "    <tr>\n",
       "      <th>ZIP Code</th>\n",
       "      <td>0.013432</td>\n",
       "      <td>-0.029216</td>\n",
       "      <td>-0.028626</td>\n",
       "      <td>-0.016410</td>\n",
       "      <td>1.000000</td>\n",
       "      <td>0.011778</td>\n",
       "      <td>-0.004061</td>\n",
       "      <td>-0.017377</td>\n",
       "      <td>0.007383</td>\n",
       "      <td>0.000107</td>\n",
       "      <td>0.004704</td>\n",
       "      <td>0.019972</td>\n",
       "      <td>0.016990</td>\n",
       "      <td>0.007691</td>\n",
       "    </tr>\n",
       "    <tr>\n",
       "      <th>Family</th>\n",
       "      <td>-0.016797</td>\n",
       "      <td>-0.046418</td>\n",
       "      <td>-0.052563</td>\n",
       "      <td>-0.157501</td>\n",
       "      <td>0.011778</td>\n",
       "      <td>1.000000</td>\n",
       "      <td>-0.109275</td>\n",
       "      <td>0.064929</td>\n",
       "      <td>-0.020445</td>\n",
       "      <td>0.061367</td>\n",
       "      <td>0.019994</td>\n",
       "      <td>0.014110</td>\n",
       "      <td>0.010354</td>\n",
       "      <td>0.011588</td>\n",
       "    </tr>\n",
       "    <tr>\n",
       "      <th>CCAvg</th>\n",
       "      <td>-0.024675</td>\n",
       "      <td>-0.052012</td>\n",
       "      <td>-0.050077</td>\n",
       "      <td>0.645984</td>\n",
       "      <td>-0.004061</td>\n",
       "      <td>-0.109275</td>\n",
       "      <td>1.000000</td>\n",
       "      <td>-0.136124</td>\n",
       "      <td>0.109905</td>\n",
       "      <td>0.366889</td>\n",
       "      <td>0.015086</td>\n",
       "      <td>0.136534</td>\n",
       "      <td>-0.003611</td>\n",
       "      <td>-0.006689</td>\n",
       "    </tr>\n",
       "    <tr>\n",
       "      <th>Education</th>\n",
       "      <td>0.021463</td>\n",
       "      <td>0.041334</td>\n",
       "      <td>0.013152</td>\n",
       "      <td>-0.187524</td>\n",
       "      <td>-0.017377</td>\n",
       "      <td>0.064929</td>\n",
       "      <td>-0.136124</td>\n",
       "      <td>1.000000</td>\n",
       "      <td>-0.033327</td>\n",
       "      <td>0.136722</td>\n",
       "      <td>-0.010812</td>\n",
       "      <td>0.013934</td>\n",
       "      <td>-0.015004</td>\n",
       "      <td>-0.011014</td>\n",
       "    </tr>\n",
       "    <tr>\n",
       "      <th>Mortgage</th>\n",
       "      <td>-0.013920</td>\n",
       "      <td>-0.012539</td>\n",
       "      <td>-0.010582</td>\n",
       "      <td>0.206806</td>\n",
       "      <td>0.007383</td>\n",
       "      <td>-0.020445</td>\n",
       "      <td>0.109905</td>\n",
       "      <td>-0.033327</td>\n",
       "      <td>1.000000</td>\n",
       "      <td>0.142095</td>\n",
       "      <td>-0.005411</td>\n",
       "      <td>0.089311</td>\n",
       "      <td>-0.005995</td>\n",
       "      <td>-0.007231</td>\n",
       "    </tr>\n",
       "    <tr>\n",
       "      <th>Personal Loan</th>\n",
       "      <td>-0.024801</td>\n",
       "      <td>-0.007726</td>\n",
       "      <td>-0.007413</td>\n",
       "      <td>0.502462</td>\n",
       "      <td>0.000107</td>\n",
       "      <td>0.061367</td>\n",
       "      <td>0.366889</td>\n",
       "      <td>0.136722</td>\n",
       "      <td>0.142095</td>\n",
       "      <td>1.000000</td>\n",
       "      <td>0.021954</td>\n",
       "      <td>0.316355</td>\n",
       "      <td>0.006278</td>\n",
       "      <td>0.002802</td>\n",
       "    </tr>\n",
       "    <tr>\n",
       "      <th>Securities Account</th>\n",
       "      <td>-0.016972</td>\n",
       "      <td>-0.000436</td>\n",
       "      <td>-0.001232</td>\n",
       "      <td>-0.002616</td>\n",
       "      <td>0.004704</td>\n",
       "      <td>0.019994</td>\n",
       "      <td>0.015086</td>\n",
       "      <td>-0.010812</td>\n",
       "      <td>-0.005411</td>\n",
       "      <td>0.021954</td>\n",
       "      <td>1.000000</td>\n",
       "      <td>0.317034</td>\n",
       "      <td>0.012627</td>\n",
       "      <td>-0.015028</td>\n",
       "    </tr>\n",
       "    <tr>\n",
       "      <th>CD Account</th>\n",
       "      <td>-0.006909</td>\n",
       "      <td>0.008043</td>\n",
       "      <td>0.010353</td>\n",
       "      <td>0.169738</td>\n",
       "      <td>0.019972</td>\n",
       "      <td>0.014110</td>\n",
       "      <td>0.136534</td>\n",
       "      <td>0.013934</td>\n",
       "      <td>0.089311</td>\n",
       "      <td>0.316355</td>\n",
       "      <td>0.317034</td>\n",
       "      <td>1.000000</td>\n",
       "      <td>0.175880</td>\n",
       "      <td>0.278644</td>\n",
       "    </tr>\n",
       "    <tr>\n",
       "      <th>Online</th>\n",
       "      <td>-0.002528</td>\n",
       "      <td>0.013702</td>\n",
       "      <td>0.013898</td>\n",
       "      <td>0.014206</td>\n",
       "      <td>0.016990</td>\n",
       "      <td>0.010354</td>\n",
       "      <td>-0.003611</td>\n",
       "      <td>-0.015004</td>\n",
       "      <td>-0.005995</td>\n",
       "      <td>0.006278</td>\n",
       "      <td>0.012627</td>\n",
       "      <td>0.175880</td>\n",
       "      <td>1.000000</td>\n",
       "      <td>0.004210</td>\n",
       "    </tr>\n",
       "    <tr>\n",
       "      <th>CreditCard</th>\n",
       "      <td>0.017028</td>\n",
       "      <td>0.007681</td>\n",
       "      <td>0.008967</td>\n",
       "      <td>-0.002385</td>\n",
       "      <td>0.007691</td>\n",
       "      <td>0.011588</td>\n",
       "      <td>-0.006689</td>\n",
       "      <td>-0.011014</td>\n",
       "      <td>-0.007231</td>\n",
       "      <td>0.002802</td>\n",
       "      <td>-0.015028</td>\n",
       "      <td>0.278644</td>\n",
       "      <td>0.004210</td>\n",
       "      <td>1.000000</td>\n",
       "    </tr>\n",
       "  </tbody>\n",
       "</table>\n",
       "</div>"
      ],
      "text/plain": [
       "                          ID       Age  Experience    Income  ZIP Code  \\\n",
       "ID                  1.000000 -0.008473   -0.008326 -0.017695  0.013432   \n",
       "Age                -0.008473  1.000000    0.994215 -0.055269 -0.029216   \n",
       "Experience         -0.008326  0.994215    1.000000 -0.046574 -0.028626   \n",
       "Income             -0.017695 -0.055269   -0.046574  1.000000 -0.016410   \n",
       "ZIP Code            0.013432 -0.029216   -0.028626 -0.016410  1.000000   \n",
       "Family             -0.016797 -0.046418   -0.052563 -0.157501  0.011778   \n",
       "CCAvg              -0.024675 -0.052012   -0.050077  0.645984 -0.004061   \n",
       "Education           0.021463  0.041334    0.013152 -0.187524 -0.017377   \n",
       "Mortgage           -0.013920 -0.012539   -0.010582  0.206806  0.007383   \n",
       "Personal Loan      -0.024801 -0.007726   -0.007413  0.502462  0.000107   \n",
       "Securities Account -0.016972 -0.000436   -0.001232 -0.002616  0.004704   \n",
       "CD Account         -0.006909  0.008043    0.010353  0.169738  0.019972   \n",
       "Online             -0.002528  0.013702    0.013898  0.014206  0.016990   \n",
       "CreditCard          0.017028  0.007681    0.008967 -0.002385  0.007691   \n",
       "\n",
       "                      Family     CCAvg  Education  Mortgage  Personal Loan  \\\n",
       "ID                 -0.016797 -0.024675   0.021463 -0.013920      -0.024801   \n",
       "Age                -0.046418 -0.052012   0.041334 -0.012539      -0.007726   \n",
       "Experience         -0.052563 -0.050077   0.013152 -0.010582      -0.007413   \n",
       "Income             -0.157501  0.645984  -0.187524  0.206806       0.502462   \n",
       "ZIP Code            0.011778 -0.004061  -0.017377  0.007383       0.000107   \n",
       "Family              1.000000 -0.109275   0.064929 -0.020445       0.061367   \n",
       "CCAvg              -0.109275  1.000000  -0.136124  0.109905       0.366889   \n",
       "Education           0.064929 -0.136124   1.000000 -0.033327       0.136722   \n",
       "Mortgage           -0.020445  0.109905  -0.033327  1.000000       0.142095   \n",
       "Personal Loan       0.061367  0.366889   0.136722  0.142095       1.000000   \n",
       "Securities Account  0.019994  0.015086  -0.010812 -0.005411       0.021954   \n",
       "CD Account          0.014110  0.136534   0.013934  0.089311       0.316355   \n",
       "Online              0.010354 -0.003611  -0.015004 -0.005995       0.006278   \n",
       "CreditCard          0.011588 -0.006689  -0.011014 -0.007231       0.002802   \n",
       "\n",
       "                    Securities Account  CD Account    Online  CreditCard  \n",
       "ID                           -0.016972   -0.006909 -0.002528    0.017028  \n",
       "Age                          -0.000436    0.008043  0.013702    0.007681  \n",
       "Experience                   -0.001232    0.010353  0.013898    0.008967  \n",
       "Income                       -0.002616    0.169738  0.014206   -0.002385  \n",
       "ZIP Code                      0.004704    0.019972  0.016990    0.007691  \n",
       "Family                        0.019994    0.014110  0.010354    0.011588  \n",
       "CCAvg                         0.015086    0.136534 -0.003611   -0.006689  \n",
       "Education                    -0.010812    0.013934 -0.015004   -0.011014  \n",
       "Mortgage                     -0.005411    0.089311 -0.005995   -0.007231  \n",
       "Personal Loan                 0.021954    0.316355  0.006278    0.002802  \n",
       "Securities Account            1.000000    0.317034  0.012627   -0.015028  \n",
       "CD Account                    0.317034    1.000000  0.175880    0.278644  \n",
       "Online                        0.012627    0.175880  1.000000    0.004210  \n",
       "CreditCard                   -0.015028    0.278644  0.004210    1.000000  "
      ]
     },
     "execution_count": 9,
     "metadata": {},
     "output_type": "execute_result"
    }
   ],
   "source": [
    "# Correlatiion between different Attributes \n",
    "corr_arr = bank_df.corr()\n",
    "corr_arr"
   ]
  },
  {
   "cell_type": "code",
   "execution_count": 10,
   "metadata": {},
   "outputs": [
    {
     "name": "stdout",
     "output_type": "stream",
     "text": [
      "List of attributes which have correlation between -0.1 to 0.1 to the Target-Variable:Personal-Loan =  ['ID', 'Age', 'Experience', 'ZIP Code', 'Family', 'Securities Account', 'Online', 'CreditCard']\n",
      "Final List of Attributes which need to be dropped =  ['ID', 'Age', 'Experience', 'ZIP Code', 'Family']\n"
     ]
    }
   ],
   "source": [
    "# Identify the list of attributes whose correlation is between -0.1 to 0.1 w.r.t target-attribute Personal-loan. Such attributes should not be considered for the calculation \n",
    "drop_feature_list = []\n",
    "corr_pers_loan = corr_arr['Personal Loan']\n",
    "\n",
    "for i, v in corr_pers_loan.items():\n",
    "    #print('index:', i, '*value:', v)\n",
    "    if ((v > -0.1) and (v < 0.1)):\n",
    "        #print ('Drop Feature =', i)\n",
    "        drop_feature_list.append (i)\n",
    "\n",
    "print (\"List of attributes which have correlation between -0.1 to 0.1 to the Target-Variable:Personal-Loan = \", drop_feature_list)\n",
    "\n",
    "# Correlation should be asssessed only for Numeric attributes. Remove the Categorical attributes from this list, except ZipCode \n",
    "drop_feature_list.remove('Securities Account')\n",
    "drop_feature_list.remove('Online')\n",
    "drop_feature_list.remove('CreditCard')\n",
    "\n",
    "print (\"Final List of Attributes which need to be dropped = \", drop_feature_list)"
   ]
  },
  {
   "cell_type": "code",
   "execution_count": 11,
   "metadata": {},
   "outputs": [],
   "source": [
    "# These attributes should be dropped from the dataframe, as they don't influence the Target-Variable:Personal-Loan\n",
    "drop_columns = []\n",
    "drop_columns.append(\"Personal Loan\")\n",
    "drop_columns += drop_feature_list\n",
    "\n",
    "# Create a separate dataframe consisting only independent attributes. Also remove the above attributes which have low correlation\n",
    "X = bank_df.drop(labels = drop_columns, axis = 1)"
   ]
  },
  {
   "cell_type": "code",
   "execution_count": 12,
   "metadata": {},
   "outputs": [
    {
     "data": {
      "text/html": [
       "<div>\n",
       "<style scoped>\n",
       "    .dataframe tbody tr th:only-of-type {\n",
       "        vertical-align: middle;\n",
       "    }\n",
       "\n",
       "    .dataframe tbody tr th {\n",
       "        vertical-align: top;\n",
       "    }\n",
       "\n",
       "    .dataframe thead th {\n",
       "        text-align: right;\n",
       "    }\n",
       "</style>\n",
       "<table border=\"1\" class=\"dataframe\">\n",
       "  <thead>\n",
       "    <tr style=\"text-align: right;\">\n",
       "      <th></th>\n",
       "      <th>0</th>\n",
       "      <th>1</th>\n",
       "      <th>2</th>\n",
       "      <th>3</th>\n",
       "      <th>4</th>\n",
       "    </tr>\n",
       "  </thead>\n",
       "  <tbody>\n",
       "    <tr>\n",
       "      <th>Income</th>\n",
       "      <td>49.0</td>\n",
       "      <td>34.0</td>\n",
       "      <td>11.0</td>\n",
       "      <td>100.0</td>\n",
       "      <td>45.0</td>\n",
       "    </tr>\n",
       "    <tr>\n",
       "      <th>CCAvg</th>\n",
       "      <td>1.6</td>\n",
       "      <td>1.5</td>\n",
       "      <td>1.0</td>\n",
       "      <td>2.7</td>\n",
       "      <td>1.0</td>\n",
       "    </tr>\n",
       "    <tr>\n",
       "      <th>Education</th>\n",
       "      <td>1.0</td>\n",
       "      <td>1.0</td>\n",
       "      <td>1.0</td>\n",
       "      <td>2.0</td>\n",
       "      <td>2.0</td>\n",
       "    </tr>\n",
       "    <tr>\n",
       "      <th>Mortgage</th>\n",
       "      <td>0.0</td>\n",
       "      <td>0.0</td>\n",
       "      <td>0.0</td>\n",
       "      <td>0.0</td>\n",
       "      <td>0.0</td>\n",
       "    </tr>\n",
       "    <tr>\n",
       "      <th>Securities Account</th>\n",
       "      <td>1.0</td>\n",
       "      <td>1.0</td>\n",
       "      <td>0.0</td>\n",
       "      <td>0.0</td>\n",
       "      <td>0.0</td>\n",
       "    </tr>\n",
       "    <tr>\n",
       "      <th>CD Account</th>\n",
       "      <td>0.0</td>\n",
       "      <td>0.0</td>\n",
       "      <td>0.0</td>\n",
       "      <td>0.0</td>\n",
       "      <td>0.0</td>\n",
       "    </tr>\n",
       "    <tr>\n",
       "      <th>Online</th>\n",
       "      <td>0.0</td>\n",
       "      <td>0.0</td>\n",
       "      <td>0.0</td>\n",
       "      <td>0.0</td>\n",
       "      <td>0.0</td>\n",
       "    </tr>\n",
       "    <tr>\n",
       "      <th>CreditCard</th>\n",
       "      <td>0.0</td>\n",
       "      <td>0.0</td>\n",
       "      <td>0.0</td>\n",
       "      <td>0.0</td>\n",
       "      <td>1.0</td>\n",
       "    </tr>\n",
       "  </tbody>\n",
       "</table>\n",
       "</div>"
      ],
      "text/plain": [
       "                       0     1     2      3     4\n",
       "Income              49.0  34.0  11.0  100.0  45.0\n",
       "CCAvg                1.6   1.5   1.0    2.7   1.0\n",
       "Education            1.0   1.0   1.0    2.0   2.0\n",
       "Mortgage             0.0   0.0   0.0    0.0   0.0\n",
       "Securities Account   1.0   1.0   0.0    0.0   0.0\n",
       "CD Account           0.0   0.0   0.0    0.0   0.0\n",
       "Online               0.0   0.0   0.0    0.0   0.0\n",
       "CreditCard           0.0   0.0   0.0    0.0   1.0"
      ]
     },
     "execution_count": 12,
     "metadata": {},
     "output_type": "execute_result"
    }
   ],
   "source": [
    "X.head().T"
   ]
  },
  {
   "cell_type": "code",
   "execution_count": 13,
   "metadata": {},
   "outputs": [
    {
     "data": {
      "text/html": [
       "<div>\n",
       "<style scoped>\n",
       "    .dataframe tbody tr th:only-of-type {\n",
       "        vertical-align: middle;\n",
       "    }\n",
       "\n",
       "    .dataframe tbody tr th {\n",
       "        vertical-align: top;\n",
       "    }\n",
       "\n",
       "    .dataframe thead th {\n",
       "        text-align: right;\n",
       "    }\n",
       "</style>\n",
       "<table border=\"1\" class=\"dataframe\">\n",
       "  <thead>\n",
       "    <tr style=\"text-align: right;\">\n",
       "      <th></th>\n",
       "      <th>Income</th>\n",
       "      <th>CCAvg</th>\n",
       "      <th>Education</th>\n",
       "      <th>Mortgage</th>\n",
       "      <th>Securities Account</th>\n",
       "      <th>CD Account</th>\n",
       "      <th>Online</th>\n",
       "      <th>CreditCard</th>\n",
       "    </tr>\n",
       "  </thead>\n",
       "  <tbody>\n",
       "    <tr>\n",
       "      <th>Income</th>\n",
       "      <td>1.000000</td>\n",
       "      <td>0.645984</td>\n",
       "      <td>-0.187524</td>\n",
       "      <td>0.206806</td>\n",
       "      <td>-0.002616</td>\n",
       "      <td>0.169738</td>\n",
       "      <td>0.014206</td>\n",
       "      <td>-0.002385</td>\n",
       "    </tr>\n",
       "    <tr>\n",
       "      <th>CCAvg</th>\n",
       "      <td>0.645984</td>\n",
       "      <td>1.000000</td>\n",
       "      <td>-0.136124</td>\n",
       "      <td>0.109905</td>\n",
       "      <td>0.015086</td>\n",
       "      <td>0.136534</td>\n",
       "      <td>-0.003611</td>\n",
       "      <td>-0.006689</td>\n",
       "    </tr>\n",
       "    <tr>\n",
       "      <th>Education</th>\n",
       "      <td>-0.187524</td>\n",
       "      <td>-0.136124</td>\n",
       "      <td>1.000000</td>\n",
       "      <td>-0.033327</td>\n",
       "      <td>-0.010812</td>\n",
       "      <td>0.013934</td>\n",
       "      <td>-0.015004</td>\n",
       "      <td>-0.011014</td>\n",
       "    </tr>\n",
       "    <tr>\n",
       "      <th>Mortgage</th>\n",
       "      <td>0.206806</td>\n",
       "      <td>0.109905</td>\n",
       "      <td>-0.033327</td>\n",
       "      <td>1.000000</td>\n",
       "      <td>-0.005411</td>\n",
       "      <td>0.089311</td>\n",
       "      <td>-0.005995</td>\n",
       "      <td>-0.007231</td>\n",
       "    </tr>\n",
       "    <tr>\n",
       "      <th>Securities Account</th>\n",
       "      <td>-0.002616</td>\n",
       "      <td>0.015086</td>\n",
       "      <td>-0.010812</td>\n",
       "      <td>-0.005411</td>\n",
       "      <td>1.000000</td>\n",
       "      <td>0.317034</td>\n",
       "      <td>0.012627</td>\n",
       "      <td>-0.015028</td>\n",
       "    </tr>\n",
       "    <tr>\n",
       "      <th>CD Account</th>\n",
       "      <td>0.169738</td>\n",
       "      <td>0.136534</td>\n",
       "      <td>0.013934</td>\n",
       "      <td>0.089311</td>\n",
       "      <td>0.317034</td>\n",
       "      <td>1.000000</td>\n",
       "      <td>0.175880</td>\n",
       "      <td>0.278644</td>\n",
       "    </tr>\n",
       "    <tr>\n",
       "      <th>Online</th>\n",
       "      <td>0.014206</td>\n",
       "      <td>-0.003611</td>\n",
       "      <td>-0.015004</td>\n",
       "      <td>-0.005995</td>\n",
       "      <td>0.012627</td>\n",
       "      <td>0.175880</td>\n",
       "      <td>1.000000</td>\n",
       "      <td>0.004210</td>\n",
       "    </tr>\n",
       "    <tr>\n",
       "      <th>CreditCard</th>\n",
       "      <td>-0.002385</td>\n",
       "      <td>-0.006689</td>\n",
       "      <td>-0.011014</td>\n",
       "      <td>-0.007231</td>\n",
       "      <td>-0.015028</td>\n",
       "      <td>0.278644</td>\n",
       "      <td>0.004210</td>\n",
       "      <td>1.000000</td>\n",
       "    </tr>\n",
       "  </tbody>\n",
       "</table>\n",
       "</div>"
      ],
      "text/plain": [
       "                      Income     CCAvg  Education  Mortgage  \\\n",
       "Income              1.000000  0.645984  -0.187524  0.206806   \n",
       "CCAvg               0.645984  1.000000  -0.136124  0.109905   \n",
       "Education          -0.187524 -0.136124   1.000000 -0.033327   \n",
       "Mortgage            0.206806  0.109905  -0.033327  1.000000   \n",
       "Securities Account -0.002616  0.015086  -0.010812 -0.005411   \n",
       "CD Account          0.169738  0.136534   0.013934  0.089311   \n",
       "Online              0.014206 -0.003611  -0.015004 -0.005995   \n",
       "CreditCard         -0.002385 -0.006689  -0.011014 -0.007231   \n",
       "\n",
       "                    Securities Account  CD Account    Online  CreditCard  \n",
       "Income                       -0.002616    0.169738  0.014206   -0.002385  \n",
       "CCAvg                         0.015086    0.136534 -0.003611   -0.006689  \n",
       "Education                    -0.010812    0.013934 -0.015004   -0.011014  \n",
       "Mortgage                     -0.005411    0.089311 -0.005995   -0.007231  \n",
       "Securities Account            1.000000    0.317034  0.012627   -0.015028  \n",
       "CD Account                    0.317034    1.000000  0.175880    0.278644  \n",
       "Online                        0.012627    0.175880  1.000000    0.004210  \n",
       "CreditCard                   -0.015028    0.278644  0.004210    1.000000  "
      ]
     },
     "execution_count": 13,
     "metadata": {},
     "output_type": "execute_result"
    }
   ],
   "source": [
    "# Check the correlation between attributes, if any is >0.9. If yes, they can be removed. \n",
    "corr_arr = X.corr()\n",
    "corr_arr"
   ]
  },
  {
   "cell_type": "code",
   "execution_count": 14,
   "metadata": {},
   "outputs": [],
   "source": [
    "X = X.apply(zscore)  # convert all attributes to Z scale"
   ]
  },
  {
   "cell_type": "code",
   "execution_count": 15,
   "metadata": {},
   "outputs": [
    {
     "data": {
      "text/html": [
       "<div>\n",
       "<style scoped>\n",
       "    .dataframe tbody tr th:only-of-type {\n",
       "        vertical-align: middle;\n",
       "    }\n",
       "\n",
       "    .dataframe tbody tr th {\n",
       "        vertical-align: top;\n",
       "    }\n",
       "\n",
       "    .dataframe thead th {\n",
       "        text-align: right;\n",
       "    }\n",
       "</style>\n",
       "<table border=\"1\" class=\"dataframe\">\n",
       "  <thead>\n",
       "    <tr style=\"text-align: right;\">\n",
       "      <th></th>\n",
       "      <th>0</th>\n",
       "      <th>1</th>\n",
       "      <th>2</th>\n",
       "      <th>3</th>\n",
       "      <th>4</th>\n",
       "    </tr>\n",
       "  </thead>\n",
       "  <tbody>\n",
       "    <tr>\n",
       "      <th>Income</th>\n",
       "      <td>-0.538229</td>\n",
       "      <td>-0.864109</td>\n",
       "      <td>-1.363793</td>\n",
       "      <td>0.569765</td>\n",
       "      <td>-0.625130</td>\n",
       "    </tr>\n",
       "    <tr>\n",
       "      <th>CCAvg</th>\n",
       "      <td>-0.193385</td>\n",
       "      <td>-0.250611</td>\n",
       "      <td>-0.536736</td>\n",
       "      <td>0.436091</td>\n",
       "      <td>-0.536736</td>\n",
       "    </tr>\n",
       "    <tr>\n",
       "      <th>Education</th>\n",
       "      <td>-1.049078</td>\n",
       "      <td>-1.049078</td>\n",
       "      <td>-1.049078</td>\n",
       "      <td>0.141703</td>\n",
       "      <td>0.141703</td>\n",
       "    </tr>\n",
       "    <tr>\n",
       "      <th>Mortgage</th>\n",
       "      <td>-0.555524</td>\n",
       "      <td>-0.555524</td>\n",
       "      <td>-0.555524</td>\n",
       "      <td>-0.555524</td>\n",
       "      <td>-0.555524</td>\n",
       "    </tr>\n",
       "    <tr>\n",
       "      <th>Securities Account</th>\n",
       "      <td>2.928915</td>\n",
       "      <td>2.928915</td>\n",
       "      <td>-0.341423</td>\n",
       "      <td>-0.341423</td>\n",
       "      <td>-0.341423</td>\n",
       "    </tr>\n",
       "    <tr>\n",
       "      <th>CD Account</th>\n",
       "      <td>-0.253540</td>\n",
       "      <td>-0.253540</td>\n",
       "      <td>-0.253540</td>\n",
       "      <td>-0.253540</td>\n",
       "      <td>-0.253540</td>\n",
       "    </tr>\n",
       "    <tr>\n",
       "      <th>Online</th>\n",
       "      <td>-1.216618</td>\n",
       "      <td>-1.216618</td>\n",
       "      <td>-1.216618</td>\n",
       "      <td>-1.216618</td>\n",
       "      <td>-1.216618</td>\n",
       "    </tr>\n",
       "    <tr>\n",
       "      <th>CreditCard</th>\n",
       "      <td>-0.645314</td>\n",
       "      <td>-0.645314</td>\n",
       "      <td>-0.645314</td>\n",
       "      <td>-0.645314</td>\n",
       "      <td>1.549632</td>\n",
       "    </tr>\n",
       "  </tbody>\n",
       "</table>\n",
       "</div>"
      ],
      "text/plain": [
       "                           0         1         2         3         4\n",
       "Income             -0.538229 -0.864109 -1.363793  0.569765 -0.625130\n",
       "CCAvg              -0.193385 -0.250611 -0.536736  0.436091 -0.536736\n",
       "Education          -1.049078 -1.049078 -1.049078  0.141703  0.141703\n",
       "Mortgage           -0.555524 -0.555524 -0.555524 -0.555524 -0.555524\n",
       "Securities Account  2.928915  2.928915 -0.341423 -0.341423 -0.341423\n",
       "CD Account         -0.253540 -0.253540 -0.253540 -0.253540 -0.253540\n",
       "Online             -1.216618 -1.216618 -1.216618 -1.216618 -1.216618\n",
       "CreditCard         -0.645314 -0.645314 -0.645314 -0.645314  1.549632"
      ]
     },
     "execution_count": 15,
     "metadata": {},
     "output_type": "execute_result"
    }
   ],
   "source": [
    "X.head().T"
   ]
  },
  {
   "cell_type": "markdown",
   "metadata": {},
   "source": [
    "### Get the target column distribution. Your comments (5 points)"
   ]
  },
  {
   "cell_type": "code",
   "execution_count": 16,
   "metadata": {},
   "outputs": [
    {
     "data": {
      "text/plain": [
       "0    0\n",
       "1    0\n",
       "2    0\n",
       "3    0\n",
       "4    0\n",
       "Name: Personal Loan, dtype: int64"
      ]
     },
     "execution_count": 16,
     "metadata": {},
     "output_type": "execute_result"
    }
   ],
   "source": [
    "# Capture the class values from the 'Personal Loan' \n",
    "y = bank_df['Personal Loan']\n",
    "y.head()"
   ]
  },
  {
   "cell_type": "code",
   "execution_count": 17,
   "metadata": {},
   "outputs": [
    {
     "data": {
      "text/plain": [
       "<matplotlib.axes._subplots.AxesSubplot at 0xb371550>"
      ]
     },
     "execution_count": 17,
     "metadata": {},
     "output_type": "execute_result"
    },
    {
     "data": {
